#FIG 3.2
Landscape
Center
Inches
Letter  
100.00
Single
-2
1200 2
2 1 0 1 0 7 50 0 -1 0.000 0 0 -1 1 0 2
	1 1 1.00 90.00 150.00
	 600 8400 12600 8400
2 1 0 1 0 7 50 0 -1 0.000 0 0 -1 0 0 2
	 3000 8400 3000 8625
2 1 0 1 0 7 50 0 -1 0.000 0 0 -1 0 0 2
	 4200 8175 4200 8400
2 1 0 1 0 7 50 0 -1 0.000 0 0 -1 0 0 2
	 5400 8175 5400 8400
2 1 0 1 0 7 50 0 -1 0.000 0 0 -1 0 0 2
	 6600 8175 6600 8400
2 1 0 1 0 7 50 0 -1 0.000 0 0 -1 0 0 2
	 7800 8175 7800 8400
2 1 0 1 0 7 50 0 -1 0.000 0 0 -1 0 0 2
	 9000 8175 9000 8400
2 1 0 1 0 7 50 0 -1 0.000 0 0 -1 0 0 2
	 10200 8175 10200 8400
2 1 0 1 0 7 50 0 -1 0.000 0 0 -1 0 0 2
	 3000 8175 3000 8400
2 1 0 1 0 7 50 0 -1 0.000 0 0 -1 0 0 2
	 11400 8400 11400 8625
2 1 0 1 0 7 50 0 -1 0.000 0 0 -1 0 0 2
	 11400 8175 11400 8400
2 1 0 1 0 7 50 0 -1 0.000 0 0 -1 0 0 2
	 3600 8400 3600 7800
2 1 0 1 0 7 50 0 -1 0.000 0 0 -1 0 0 2
	 4800 8400 4800 7800
2 1 0 1 0 7 50 0 -1 0.000 0 0 -1 0 0 2
	 6000 8400 6000 7800
2 1 0 1 0 7 50 0 -1 0.000 0 0 -1 0 0 2
	 7200 8400 7200 7800
2 1 0 1 0 7 50 0 -1 0.000 0 0 -1 0 0 2
	 8400 8400 8400 7800
2 1 0 1 0 7 50 0 -1 0.000 0 0 -1 0 0 2
	 9600 8400 9600 7800
2 1 0 1 0 7 50 0 -1 0.000 0 0 -1 0 0 2
	 10800 8400 10800 7800
2 1 0 1 0 7 50 0 -1 0.000 0 0 -1 1 0 2
	1 1 1.00 90.00 150.00
	 2400 9600 2400 6600
4 0 0 50 0 0 12 0.0000 4 90 90 12450 8625 x\001
4 0 0 50 0 0 16 0.0000 4 120 105 2850 9075 a\001
4 0 0 50 0 0 16 0.0000 4 165 120 11325 8925 b\001
4 0 0 50 0 0 16 0.0000 4 165 240 2925 8025 x0\001
4 0 0 50 0 0 16 0.0000 4 165 240 4125 8025 x1\001
4 0 0 50 0 0 16 0.0000 4 165 240 5325 8025 x2\001
4 0 0 50 0 0 16 0.0000 4 165 240 6525 8025 x3\001
4 0 0 50 0 0 16 0.0000 4 165 240 7725 8025 x4\001
4 0 0 50 0 0 16 0.0000 4 165 240 8925 8025 x5\001
4 0 0 50 0 0 16 0.0000 4 165 240 10125 8025 x6\001
4 0 0 50 0 0 16 0.0000 4 120 240 11325 8025 xn\001
4 0 0 50 0 0 16 0.0000 4 165 375 3450 7725 Xi1\001
4 0 0 50 0 0 16 0.0000 4 165 375 4650 7725 Xi2\001
4 0 0 50 0 0 16 0.0000 4 165 375 5850 7725 Xi3\001
4 0 0 50 0 0 16 0.0000 4 165 375 6975 7725 Xi4\001
4 0 0 50 0 0 16 0.0000 4 165 375 8175 7725 Xi5\001
4 0 0 50 0 0 16 0.0000 4 165 375 9450 7725 Xi6\001
4 0 0 50 0 0 16 0.0000 4 165 375 10650 7725 Xi7\001
4 0 0 50 0 0 12 0.0000 4 135 90 2250 6675 y\001
