#FIG 3.2
Landscape
Center
Inches
Letter  
100.00
Single
-2
1200 2
2 1 0 1 0 7 50 0 -1 0.000 0 0 -1 0 0 2
	 2400 6600 13200 6600
2 1 0 1 0 7 50 0 -1 0.000 0 0 -1 0 0 2
	 3000 6375 3000 6825
2 1 0 1 0 7 50 0 -1 0.000 0 0 -1 0 0 2
	 5400 6375 5400 6825
2 1 0 1 0 7 50 0 -1 0.000 0 0 -1 0 0 2
	 5700 6375 5700 6825
2 1 0 1 0 7 50 0 -1 0.000 0 0 -1 0 0 2
	 6000 6375 6000 6825
2 1 0 1 0 7 50 0 -1 0.000 0 0 -1 0 0 2
	 12600 6375 12600 6825
4 0 0 50 0 0 16 0.0000 4 120 105 2925 7125 a\001
4 0 0 50 0 0 16 0.0000 4 120 105 5325 6300 c\001
4 0 0 50 0 0 16 0.0000 4 165 120 5925 6300 d\001
4 0 0 50 0 0 16 0.0000 4 165 120 12525 7125 b\001
4 0 0 50 0 0 16 0.0000 4 165 255 5550 7200 Xi\001
