#FIG 3.2
Landscape
Center
Inches
Letter  
100.00
Single
-2
1200 2
5 1 0 1 0 7 50 0 -1 0.000 0 0 0 0 7200.000 7800.000 2400 7800 7200 3000 12000 7800
2 1 0 1 0 7 50 0 -1 0.000 0 0 -1 1 0 2
	1 1 1.00 60.00 120.00
	 1500 7800 13200 7800
2 1 0 1 0 7 50 0 44 0.000 0 0 -1 0 1 2
	1 1 1.00 60.00 120.00
	 7200 1200 7200 9600
2 1 0 1 0 7 50 0 -1 0.000 0 0 -1 0 0 2
	 2400 7800 2400 8025
2 1 0 1 0 7 50 0 -1 0.000 0 0 -1 0 0 2
	 12000 7800 12000 8025
2 1 0 1 0 7 50 0 -1 0.000 0 0 -1 0 0 2
	 7200 3600 7800 3000
2 1 0 1 0 7 50 0 -1 0.000 0 0 -1 0 0 2
	 7200 4200 8250 3150
2 1 0 1 0 7 50 0 -1 0.000 0 0 -1 0 0 2
	 7200 4800 8700 3300
2 1 0 1 0 7 50 0 -1 0.000 0 0 -1 0 0 2
	 7200 5400 9150 3450
2 1 0 1 0 7 50 0 -1 0.000 0 0 -1 0 0 2
	 7200 6000 9600 3600
2 1 0 1 0 7 50 0 -1 0.000 0 0 -1 0 0 2
	 7200 6600 9900 3900
2 1 0 1 0 7 50 0 -1 0.000 0 0 -1 0 0 2
	 7200 7200 10275 4125
2 1 0 1 0 7 50 0 -1 0.000 0 0 -1 0 0 2
	 7200 7800 10575 4425
2 1 0 1 0 7 50 0 -1 0.000 0 0 -1 0 0 2
	 7800 7800 10875 4725
2 1 0 1 0 7 50 0 -1 0.000 0 0 -1 0 0 2
	 8400 7800 11175 5025
2 1 0 1 0 7 50 0 -1 0.000 0 0 -1 0 0 2
	 9000 7800 11400 5400
2 1 0 1 0 7 50 0 -1 0.000 0 0 -1 0 0 2
	 9600 7800 11550 5850
2 1 0 1 0 7 50 0 -1 0.000 0 0 -1 0 0 2
	 10200 7800 11700 6300
2 1 0 1 0 7 50 0 -1 0.000 0 0 -1 0 0 2
	 10800 7800 11850 6750
2 1 0 1 0 7 50 0 -1 0.000 0 0 -1 0 0 2
	 11400 7800 12000 7200
4 0 0 50 0 0 16 0.0000 4 165 255 2325 8400 -1\001
4 0 0 50 0 0 16 0.0000 4 165 120 11925 8400 1\001
