#FIG 3.2
Landscape
Center
Metric
A4      
100.00
Single
-2
1200 2
2 1 0 1 0 7 50 0 -1 0.000 0 0 -1 0 1 2
	1 1 1.00 60.00 120.00
	 900 495 900 7200
2 1 0 1 0 7 50 0 -1 0.000 0 0 -1 1 0 2
	1 1 1.00 60.00 120.00
	 900 7200 9900 7200
2 1 0 1 0 7 50 0 -1 0.000 0 0 -1 0 0 2
	 8550 7200 8550 7335
2 1 0 1 0 7 50 0 -1 0.000 0 0 -1 0 0 2
	 4500 7200 4500 7335
2 1 0 1 0 7 50 0 -1 0.000 0 0 -1 0 0 2
	 2700 7200 2700 7335
2 1 0 1 0 7 50 0 -1 0.000 0 0 -1 0 0 2
	 720 3645 900 3645
2 1 0 3 0 7 50 0 -1 0.000 0 0 -1 0 0 2
	 900 7200 2700 3600
2 1 0 3 0 7 50 0 -1 0.000 0 0 -1 0 0 2
	 2700 3600 4500 7200
2 1 0 3 0 7 50 0 -1 0.000 0 0 -1 0 0 2
	 4500 7200 8550 7200
4 0 0 50 0 0 16 0.0000 4 120 120 450 3690 n\001
4 0 0 50 0 0 16 0.0000 4 195 315 2565 7650 1/n\001
4 0 0 50 0 0 16 0.0000 4 195 315 4365 7650 2/n\001
4 0 0 50 0 0 16 0.0000 4 165 120 8505 7650 1\001
4 0 0 50 0 0 16 0.0000 4 180 120 720 540 y\001
4 0 0 50 0 0 16 0.0000 4 120 120 9855 7380 x\001
