#FIG 3.2
Landscape
Center
Metric
A4      
92.00
Single
-2
1200 2
6 1215 900 7740 7200
2 1 0 1 0 7 50 0 -1 0.000 0 0 -1 1 0 2
	1 1 1.00 60.00 120.00
	 4500 7200 4500 900
2 1 0 1 0 7 50 0 -1 0.000 0 0 -1 0 0 2
	 1350 5805 1350 6030
2 1 0 1 0 7 50 0 -1 0.000 0 0 -1 0 0 2
	 7650 5805 7650 6030
2 1 0 1 0 7 50 0 -1 0.000 0 0 -1 0 0 2
	 4365 2700 4590 2700
2 1 0 3 0 7 50 0 -1 0.000 0 0 -1 0 0 2
	 4500 2700 7650 2700
2 1 0 1 0 7 50 0 -1 0.000 0 0 -1 1 0 2
	1 1 1.00 60.00 120.00
	 1350 5895 7650 5895
4 0 0 50 0 0 16 0.0000 4 165 255 1215 6300 -1\001
4 0 0 50 0 0 16 0.0000 4 165 120 7605 6300 1\001
4 0 0 50 0 0 16 0.0000 4 165 120 4230 2745 1\001
-6
2 1 0 3 0 7 50 0 -1 0.000 0 0 -1 0 0 2
	 1350 5895 4500 5895
