#FIG 3.2
Landscape
Center
Inches
Letter  
100.00
Single
-2
1200 2
2 1 0 1 0 7 50 0 -1 0.000 0 0 -1 1 0 2
	1 1 1.00 60.00 120.00
	 600 6000 15000 6000
2 1 0 1 0 7 50 0 -1 0.000 0 0 -1 0 1 2
	1 1 1.00 60.00 120.00
	 1200 2400 1200 9600
3 0 0 1 0 7 50 0 -1 0.000 0 0 0 14
	 600 4800 1200 3600 2400 6000 3600 8400 4800 6000 6000 4200
	 7200 6000 8400 7800 9600 6000 10800 4800 12000 6000 13200 7200
	 14400 6000 15000 5700
	 0.000 1.000 1.000 1.000 1.000 1.000 1.000 1.000
	 1.000 1.000 1.000 1.000 1.000 0.000
4 0 0 50 0 0 12 0.0000 4 135 90 1050 2475 y\001
4 0 0 50 0 0 12 0.0000 4 90 90 14925 6150 x\001
